[gd_scene load_steps=4 format=3 uid="uid://b82j28s2n7qky"]

[ext_resource type="PackedScene" uid="uid://dj6gacaf0nk6e" path="res://resources/Models/Skull/Skullv2.glb" id="1_1ynns"]
[ext_resource type="Script" path="res://Scenes/Skull/Skullv2.gd" id="2_87ho6"]

[sub_resource type="StandardMaterial3D" id="StandardMaterial3D_1un1i"]
albedo_color = Color(0, 0, 0, 1)

[node name="Skullv2" instance=ExtResource("1_1ynns")]
script = ExtResource("2_87ho6")

[node name="Skeleton3D" parent="Skull" index="0"]
bones/0/rotation = Quaternion(-0.102115, 0, 0, 0.994773)
bones/3/position = Vector3(0, -1.34837, 0)
bones/3/rotation = Quaternion(0.995795, 0, 0, -0.0916121)
bones/5/position = Vector3(2.01458, 0.311134, -0.168524)

[node name="Cube" parent="Skull/Skeleton3D" index="0"]
transform = Transform3D(-1, 0, -3.25841e-07, 6.61987e-08, 0.979145, -0.203162, 3.19046e-07, -0.203162, -0.979145, 0, -0.0892052, -0.429926)
bone_idx = 1

[node name="Plane" parent="Skull/Skeleton3D" index="1"]
transform = Transform3D(1, 0, 1.74846e-07, -3.5522e-08, 0.979145, 0.203162, -1.71199e-07, -0.203162, 0.979145, 3.01074e-07, 0.0985145, 0.474793)
bone_idx = 2

[node name="Plane" parent="Skull/Skeleton3D/Plane" index="0"]
surface_material_override/0 = SubResource("StandardMaterial3D_1un1i")

[node name="Cube001" parent="Skull/Skeleton3D" index="2"]
transform = Transform3D(-1, 0, -3.25841e-07, -5.9451e-08, 0.983214, 0.182454, 3.20372e-07, 0.182454, -0.983214, 0, -0.523552, -0.293519)
bone_idx = 4
